14108073 17399 1.073620
14108075 17399 1.073887
14108077 17399 1.074031
14108078 17399 1.074222
14108079 17399 1.074279
14108080 17399 1.074452
14108081 17399 1.074471
14108082 17399 1.074568
14108083 17399 1.074687
14108084 17399 1.074791
14108085 17399 1.074856
14108086 17399 1.074820
14108091 17399 1.075007
14108092 17399 1.075010
14108095 17399 1.074788
14108096 17399 1.074704
14108097 17399 1.074738
14109082 17405 0.943170
14110003 17406 0.925037
14110004 17406 0.924924
14110005 17406 0.924935
14110007 17406 0.924966
14110009 17406 0.924875
14110012 17406 0.924893
14110013 17406 0.924791
14110014 17406 0.924990
14110018 17406 0.925185
14110019 17406 0.925249
14110020 17406 0.925244
14110021 17406 0.925286
14110022 17406 0.925473
14110023 17406 0.925593
14110024 17406 0.925451
14110025 17406 0.925568
14110026 17406 0.925571
14110027 17406 0.925731
14110041 17407 1.065237
14110044 17407 1.065020
14110045 17407 1.064934
14110046 17407 1.064573
14110047 17407 1.064492
14110048 17407 1.064569
14110050 17407 1.064633
14110051 17407 1.064951
14110053 17407 1.065154
14110054 17407 1.065223
14110055 17407 1.065228
14110056 17407 1.065306
14110057 17407 1.065328
14110058 17407 1.065385
14110059 17407 1.065457
14110060 17407 1.065482
14110061 17407 1.065440
14110062 17407 1.065497
14110064 17407 1.065529
14110065 17407 1.065447
14111035 17409 0.979298
14111037 17409 0.962174
14111038 17409 0.953987
14111046 17410 0.992084
14111068 17410 0.982444
14112024 17414 1.043550
14112025 17414 1.043755
14112032 17414 1.044409
14112033 17414 1.044444
14113001 17415 1.033895
14113035 17416 0.960474
14113038 17416 0.959056
14113039 17416 0.959042
14115063 17426 1.035175
14115064 17426 1.035049
14115065 17426 1.034928
14115066 17426 1.034926
14115067 17426 1.034895
14115068 17426 1.034881
14115069 17426 1.034896
14115070 17426 1.034973
14115071 17426 1.035025
14115072 17426 1.034994
14115074 17426 1.035018
14115075 17426 1.035032
14116001 17426 1.035127
14116002 17426 1.035140
14116014 17427 0.964328
14116015 17427 0.963975
14116016 17427 0.963334
14116017 17427 0.963065
14116019 17427 0.962935
14116020 17427 0.962727
14116021 17427 0.962429
14116025 17427 0.962189
14116026 17427 0.962071
14116027 17427 0.961785
14116044 17429 0.970338
14116046 17429 0.970325
14116047 17429 0.970466
14116048 17429 0.970634
14116050 17429 0.971254
14116051 17429 0.971293
14116056 17429 0.971592
14116057 17429 0.971686
14116058 17429 0.971706
14117002 17429 0.971797
14117004 17429 0.971803
14117012 17430 1.032648
14117013 17430 1.033895
14117014 17430 1.034294
14117015 17430 1.034549
14117016 17430 1.034805
14117019 17430 1.035697
14117020 17430 1.037292
14117021 17430 1.039335
14117022 17430 1.040165
14117023 17430 1.042486
14117024 17430 1.044548
14117025 17430 1.046291
14117026 17430 1.046896
14117027 17430 1.047058
14117028 17430 1.047409
14117044 17431 1.042538
14117046 17431 1.042464
14117047 17431 1.042359
14117053 17431 1.042011
14117054 17431 1.041852
14117055 17431 1.041710
14117056 17431 1.041642
14117058 17431 1.041514
14117059 17431 1.041417
14117060 17431 1.041312
14117061 17431 1.041299
14117062 17431 1.041251
14117063 17431 1.041271
14117064 17431 1.041334
14117065 17431 1.041293
14117069 17431 1.041460
14118013 17433 0.963919
14118014 17433 0.962968
14118015 17433 0.962152
14118016 17433 0.961790
14118017 17433 0.961558
14118018 17433 0.961456
14118019 17433 0.961387
14118020 17433 0.961313
14118021 17433 0.961175
14118022 17433 0.961134
14118023 17433 0.961077
14118024 17433 0.961025
14118026 17433 0.960328
14118028 17433 0.960144
14118029 17433 0.960106
14118030 17433 0.960039
14118032 17433 0.960120
14118033 17433 0.960118
14118034 17433 0.960109
14118035 17433 0.960168
14118048 17434 0.961255
14118049 17434 0.960707
14118051 17434 0.959904
14118052 17434 0.959636
14118053 17434 0.959539
14118055 17434 0.959487
14118056 17434 0.959279
14118057 17434 0.959303
14118059 17434 0.959135
14118060 17434 0.959082
14118061 17434 0.959069
14118063 17434 0.958991
14118064 17434 0.958991
14119006 17436 1.018713
14119007 17436 1.017891
14119008 17436 1.017125
14119009 17436 1.016081
14119010 17436 1.015145
14119011 17436 1.014699
14119014 17436 1.014012
14119017 17436 1.013794
14119018 17436 1.013535
14119019 17436 1.013365
14119020 17436 1.013245
14119022 17436 1.013631
14119023 17436 1.013764
14122008 17447 1.032933
14122009 17447 1.032198
14122010 17447 1.032048
14122012 17447 1.031441
14122013 17447 1.031547
14122014 17447 1.031581
14122015 17447 1.031729
14122016 17447 1.031743
14122017 17447 1.031838
14122018 17447 1.031959
14122020 17447 1.031831
14122021 17447 1.031992
14122022 17447 1.032286
14122023 17447 1.032451
14122024 17447 1.032698
14122025 17447 1.033213
14122045 17451 1.030294
14122048 17451 1.030307
14122049 17451 1.030648
14122055 17451 1.031278
14122056 17451 1.031403
14122059 17451 1.032204
14122060 17451 1.032228
14123001 17451 1.032588
14123002 17451 1.032657
14123004 17451 1.032662
14123005 17451 1.032725
14123006 17451 1.032919
14123008 17451 1.032910
14123009 17451 1.033015
14123010 17451 1.033089
14123015 17452 0.962966
14123016 17452 0.962339
14123018 17452 0.961654
14123019 17452 0.961705
14123026 17452 0.962109
14123027 17452 0.962166
14123075 17454 1.026810
14123078 17454 1.028803
14124024 17455 1.044160
14124027 17455 1.043232
14124031 17455 1.042197
14124034 17455 1.041528
14124037 17455 1.040987
14124038 17455 1.040617
14125002 17461 0.974174
14125004 17461 0.973679
14125005 17461 0.973358
14129021 17479 1.029083
14129022 17479 1.029383
14129023 17479 1.029542
14129024 17479 1.029689
14129025 17479 1.029752
14129027 17479 1.029971
14129028 17479 1.030050
14129029 17479 1.030077
14130035 17485 0.969954
14130037 17485 0.969545
14130039 17485 0.969135
14130040 17485 0.969050
14130041 17485 0.969005
14130043 17485 0.968765
14130067 17486 1.023265
14130073 17486 1.021360
14130074 17486 1.021449
14130075 17486 1.021256
14130076 17486 1.020967
14131001 17486 1.020365
14131002 17486 1.020318
14131003 17486 1.020262
14131012 17488 1.025126
14131013 17488 1.026016
14131014 17488 1.026054
14131015 17488 1.025962
14131016 17488 1.025557
14131020 17488 1.025066
14131021 17488 1.024969
14131022 17488 1.024962
14131024 17488 1.024982
14131025 17488 1.024866
14131026 17488 1.024937
14131028 17488 1.024970
14131029 17488 1.025449
14132007 17491 0.995112
14132009 17491 0.995104
14132012 17491 0.995201
14132015 17491 0.995241
14132016 17491 0.995253
14132018 17491 0.995179
14132019 17491 0.995217
14132020 17491 0.995254
14132021 17491 0.995223
14132024 17491 0.995168
14132025 17491 0.995137
14132026 17491 0.995188
14132041 17492 0.971308
14132042 17492 0.971224
14132044 17492 0.971219
14132047 17492 0.969878
14132058 17494 1.032638
14132059 17494 1.033053
14132060 17494 1.033296
14132067 17494 1.034205
14132068 17494 1.034329
14132075 17494 1.034411
14132076 17494 1.034379
14132077 17494 1.034528
14132078 17494 1.034634
14132079 17494 1.034703
14132080 17494 1.034659
14132082 17494 1.034755
14133001 17494 1.034964
14133002 17494 1.034861
14133004 17494 1.034955
14135002 17502 1.032405
14135003 17502 1.033002
14135004 17502 1.033135
14135006 17502 1.032995
14135007 17502 1.032979
14135022 17503 1.013414
14135023 17503 1.012996
14136002 17512 0.976512
14136005 17512 0.976245
14136006 17512 0.977074
14136007 17512 0.977183
14136014 17512 0.976633
14136060 17514 1.021903
14137002 17514 1.022233
14137003 17514 1.022365
14137004 17514 1.022480
14137005 17514 1.022600
14138011 17518 0.982424
14138023 17519 1.083877
14138024 17519 1.083951
14138026 17519 1.083705
14138027 17519 1.083437
14138029 17519 1.082980
14138030 17519 1.082775
14138031 17519 1.082701
14138032 17519 1.082487
14139020 17521 0.963215
14139043 17524 0.977625
14139044 17524 0.976143
14139046 17524 0.975288
14139047 17524 0.975067
14139049 17524 0.974769
14139050 17524 0.974686
14139051 17524 0.974699
14139052 17524 0.973647
14139059 17526 1.033760
14139060 17526 1.034567
14139062 17526 1.035069
14139065 17526 1.035584
14140005 17526 1.036548
14140006 17526 1.036688
14140007 17526 1.036741
14140008 17526 1.036757
14140015 17527 1.034561
14140016 17527 1.035572
14140017 17527 1.035882
14140020 17527 1.036235
14140021 17527 1.036240
14140022 17527 1.036265
14140026 17527 1.036291
14140044 17529 0.973065
14140045 17529 0.972716
14140046 17529 0.972462
14140047 17529 0.972340
14140048 17529 0.972297
14140049 17529 0.972252
14140050 17529 0.972268
14140051 17529 0.972269
14140052 17529 0.972286
14140053 17529 0.972311
14140054 17529 0.972294
14140055 17529 0.972297
14140056 17529 0.972247
14140057 17529 0.972316
14140058 17529 0.972262
14140059 17529 0.972359
14140060 17529 0.972307
14140061 17529 0.972366
14140062 17529 0.972380
