16071046 18776
16071051 18776
16071052 18776
16071053 18776
16071054 18776
16071055 18776
16071056 18776
16071058 18776
16071059 18776
16071060 18776
16071061 18776
16071062 18776
16071077 18777
16071078 18777
16071079 18777
16072001 18777
16072002 18777
16072003 18777
16072006 18777
16072007 18777
16072008 18777
16072009 18777
16072010 18777
16072012 18777
16072013 18777
16072014 18777
16072024 18778
16072025 18778
16072026 18778
16072033 18778
16072034 18778
16072035 18778
16072036 18778
16072038 18778
16072039 18778
16072040 18778
16072041 18778
16072042 18778
16072043 18778
16072057 18779
16072058 18779
16072059 18779
16072060 18779
16072061 18779
16072062 18779
16073001 18779
16073017 18779
16073018 18779
16073019 18779
16073021 18779
16073031 18780
16073032 18780
16073033 18780
16073034 18780
16073035 18780
16073037 18780
16073038 18780
16073039 18780
16073040 18780
16077029 18787
16077030 18787
16077031 18787
16077032 18787
16077033 18787
16077034 18787
16077037 18787
16077038 18787
16077039 18787
16077040 18787
16077041 18787
16077043 18787
16077044 18787
16077045 18787
16077046 18787
16077047 18787
16077055 18788
16078001 18788
16078002 18788
16078003 18788
16078004 18788
16078005 18788
16078006 18788
16078007 18788
16078008 18788
16078009 18788
16078011 18788
16078012 18788
16078013 18788
16078014 18788
16078029 18789
16078030 18789
16078031 18789
16078032 18789
16078033 18789
16078034 18789
16078035 18789
16078036 18789
16078037 18789
16078038 18789
16078039 18789
16078040 18789
16078041 18789
16078042 18789
16078056 18790
16079001 18790
16079013 18792
16079014 18792
16079015 18792
16079016 18792
16079017 18792
16079018 18792
16079019 18792
16079020 18792
16079021 18792
16079022 18792
16079023 18792
16079024 18792
16079027 18792
16079029 18792
16079030 18792
16079031 18792
16079032 18792
16079033 18792
16079034 18792
16079035 18792
16079036 18792
16079047 18793
16079054 18793
16079058 18793
16079059 18793
16079060 18793
16079061 18793
16079062 18793
16079063 18793
16080002 18793
16080003 18793
16080004 18793
16080005 18793
16080006 18793
16080014 18794
16080015 18794
16080021 18795
16080022 18795
16080023 18795
16080024 18795
16080025 18795
16080026 18795
16080027 18795
16080028 18795
16080029 18795
16080030 18795
16080031 18795
16080032 18795
16080033 18795
16080045 18796
16080046 18796
16080047 18796
16080048 18796
16080049 18796
16080050 18796
16080051 18796
16080052 18796
16080053 18796
16080054 18796
16080055 18796
16081001 18796
16081002 18796
16081003 18796
16081015 18797
16081016 18797
16081017 18797
16081018 18797
16081019 18797
16081020 18797
16081021 18797
16081022 18797
16081024 18797
16081025 18797
16081037 18798
16081049 18800
16081050 18800
16081052 18800
16081053 18800
16081054 18800
16081055 18800
16081056 18800
16081057 18800
16081058 18800
16081059 18800
16081060 18800
16081061 18800
16082001 18800
16082002 18800
16082018 18801
16082019 18801
16082022 18801
16082023 18801
16082025 18801
16082027 18801
16082028 18801
16082040 18803
16082041 18803
16082042 18803
16082043 18803
16082045 18803
16082046 18803
16082047 18803
16082048 18803
16082049 18803
16082050 18803
16082051 18803
16082052 18803
16082053 18803
16082054 18803
16082055 18803
16082056 18803
16082057 18803
16083006 18804
16083007 18804
16083008 18804
16083009 18804
16083010 18804
16083011 18804
16083012 18804
16083013 18804
16083014 18804
16083015 18804
16083016 18804
16083017 18804
16083018 18804
16083019 18804
16083043 18805
16083044 18805
16083045 18805
16083046 18805
16083048 18805
16083049 18805
16083050 18805
16083052 18805
16083053 18805
16083055 18805
16083056 18805
16083057 18805
16083058 18805
16083059 18805
16083060 18805
16084004 18807
16084006 18807
16084007 18807
16084008 18807
16084009 18807
16084011 18807
16084012 18807
16084013 18807
16084014 18807
16084015 18807
16085009 18815
16085011 18815
16085012 18815
16085013 18815
16085014 18815
16085024 18816
16085025 18816
16085026 18816
16085027 18816
16085028 18816
16085029 18816
16085030 18816
16085031 18816
16085032 18816
16085033 18816
16085035 18816
16085036 18816
16085037 18816
16085054 18818
16085055 18818
16085056 18818
16085057 18818
16085058 18818
16085062 18819
16085065 18819
16085067 18819
16085069 18819
16085071 18819
16085072 18819
16085073 18819
16085074 18819
16086001 18819
16086002 18819
16086003 18819
16086004 18819
16086005 18819
16086006 18819
16086007 18819
16086008 18819
16086026 18820
16086027 18820
16086028 18820
16086030 18820
16086031 18820
16086032 18820
16086033 18820
16086034 18820
16086035 18820
16086036 18820
16086037 18820
16086038 18820
16086039 18820
16086040 18820
16086041 18820
16086042 18820
16086052 18827
16086053 18827
16086054 18827
16087001 18827
16087002 18827
16087003 18827
16087004 18827
16087005 18827
16087006 18827
16087007 18827
16087008 18827
16087009 18827
16087010 18827
16087011 18827
16087021 18828
16087022 18828
16087023 18828
16087024 18828
16087025 18828
16087026 18828
16087027 18828
16087028 18828
16087029 18828
16087030 18828
16087031 18828
16087032 18828
16087033 18828
16087043 18829
16087044 18829
16087045 18829
16087046 18829
16087047 18829
16087048 18829
16087049 18829
16087050 18829
16087051 18829
16087052 18829
16087053 18829
16087054 18829
16087055 18829
16088001 18829
16088017 18837
16088018 18837
16088019 18837
16088020 18837
16088021 18837
16088022 18837
16088023 18837
16088025 18837
16088026 18837
16088027 18837
16088028 18837
16088029 18837
16088030 18837
16088031 18837
16088041 18838
16088042 18838
16088043 18838
16088044 18838
16088045 18838
16088046 18838
16088047 18838
16088048 18838
16088049 18838
16088050 18838
16089001 18838
16089002 18838
16089003 18838
16089004 18838
16089005 18838
16089016 18843
16089017 18843
16089018 18843
16089019 18843
16089020 18843
16089024 18843
16089026 18843
16089027 18843
16089028 18843
16089029 18843
16089030 18843
16089031 18843
16089043 18846
16089044 18846
16089045 18846
16089046 18846
16089048 18846
16089049 18846
16089050 18846
16089051 18846
16089052 18846
16089053 18846
16089054 18846
16090001 18846
16090002 18846
16090003 18846
16090004 18846
16090005 18846
16090017 18847
16090018 18847
16090019 18847
16090020 18847
16090021 18847
16090022 18847
16090023 18847
16090024 18847
16090025 18847
16090026 18847
16090027 18847
16090028 18847
16090029 18847
16090030 18847
16090039 18848
16090042 18849
16090045 18849
16090046 18849
16090047 18849
16090048 18849
16090049 18849
16090050 18849
16090051 18849
16090052 18849
16090053 18849
16091005 18850
16091006 18850
16091007 18850
16091008 18850
16091009 18850
16091010 18850
16091011 18850
16091012 18850
16091013 18850
16091014 18850
16091057 18853
16091061 18853
16091062 18853
16091063 18853
16092001 18853
16092002 18853
16092003 18853
16092016 18854
16092017 18854
16092018 18854
16092019 18854
16092020 18854
16092021 18854
16092022 18854
16092023 18854
16092034 18855
16092035 18855
16092036 18855
16092037 18855
16092042 18855
16092044 18855
16092048 18855
16092049 18855
16092050 18855
16092051 18855
16092052 18855
16092053 18855
16092054 18855
16092055 18855
16092065 18856
16092066 18856
16092067 18856
16092068 18856
16092069 18856
16092070 18856
16092071 18856
16093001 18856
16093002 18856
16093003 18856
16093004 18856
16093012 18857
16093013 18857
16093014 18857
16093015 18857
16093016 18857
16093017 18857
16093018 18857
